#the number of patterns to be recognized
8

#marker a
Data/road-markers/marker_a.pat
20.0
0.0 0.0
1.0000 0.0000 0.0000 0.0000
0.0000 1.0000 0.0000 0.0000
0.0000 0.0000 1.0000 0.0000

#marker b
Data/road-markers/marker_b.pat
20.0
0.0 0.0
1.0000 0.0000 0.0000 40.0000
0.0000 1.0000 0.0000 0.0000
0.0000 0.0000 1.0000 0.0000

#marker c
Data/road-markers/marker_c.pat
20.0
0.0 0.0
1.0000 0.0000 0.0000 160.0000
0.0000 1.0000 0.0000 0.0000
0.0000 0.0000 1.0000 0.0000

#marker d
Data/road-markers/marker_d.pat
20.0
0.0 0.0
1.0000 0.0000 0.0000 200.0000
0.0000 1.0000 0.0000 0.0000
0.0000 0.0000 1.0000 0.0000

#marker e
Data/road-markers/marker_e.pat
20.0
0.0 0.0
1.0000 0.0000 0.0000 0.0000
0.0000 1.0000 0.0000 -60.0000
0.0000 0.0000 1.0000 0.0000

#marker g
Data/road-markers/marker_g.pat
20.0
0.0 0.0
1.0000 0.0000 0.0000 80.0000
0.0000 1.0000 0.0000 -60.0000
0.0000 0.0000 1.0000 0.0000

#marker k
Data/road-markers/marker_k.pat
20.0
0.0 0.0
1.0000 0.0000 0.0000 115.0000
0.0000 1.0000 0.0000 -60.0000
0.0000 0.0000 1.0000 0.0000

#marker l
Data/road-markers/marker_l.pat
20.0
0.0 0.0
1.0000 0.0000 0.0000 200.0000
0.0000 1.0000 0.0000 -60.0000
0.0000 0.0000 1.0000 0.0000
